#ps8pr1.txt
#author: Nicholas Mosca
# Description: Problemset 8, problem 1

1.1

a.

  i  | values[i] | values[i-1] | count 
---------------------------------------
  -  |     -     |      -      |   0
  0  |    8      |             |   1
  1  |    5      |    8        |   1
  2  |    3      |    5        |   1
  3  |   7       |    3        |   2
  4  |   1       |   7         |   2
  5  |   6       |   1         |   3

b. 

  return value = 3


1.2

a.
 x  | range(1, x) | y | value printed
---------------------------------------
 2  | [1]         | 1 | 3 
 4  | [3]         | 1 | 5
 4  | [3]         | 2 | 6
 4  | [3]         | 3 | 7
 6  | [5]         | 3 |
 6  | [5]         | 1 | 7
 6  | [5]         | 2 | 8
 6  | [5]         | 3 | 9
 6  | [5]         | 4 | 10
 6  | [5]         | 5 | 11

 return value (6,5)


 1.3

  a  | b | value printed
------------------------
 12 | 4 | 12 4
 8  | 3 | 8  3
 5  | 2 | 5  2
 3  | 1 | 3  1
 2  | 0 | 2  0

